0 	 0.00095635	
0	 0.003704509
0	-0.222582448
0	-0.210751486
0	-0.150841799
0	-0.160708304
0	-0.291820921
0	-0.26351617	
0	-0.309171148
0	-0.320727491
0	-0.349214133
0	-0.054167134
0	 0.197157232
0	-0.13045622	
0	-0.024063295
0	-0.062362969
0	-0.118056752
0	-0.204115958
0	-0.214911852
0	-0.309122549
0	0.253315969	
0	-0.332158873
0	-0.377995308
0	-0.226260608
0	-0.080722027
0	-0.081121929
0	-0.223744863
0	0.116534984	
0	-0.287957097
0	-0.016773541
0	-0.017184483
0	0.120496811	
0	-0.377698286
0	-0.445759024
0	-0.405486225
0	-0.23810369	
0	-0.157276584
0	-0.363104693
0	0.240129108	
0	-0.129399577
0	0.006645504	
0	0.214642271	
0	-0.112102477
0	-0.227885592
0	-0.418342674
0	0.15310116	
0	-0.201360034
0	0.143847934	
0	-0.079339579
0	-0.314723008
0	-0.002207035
0	0.040649083	
0	-0.451604772
0	-0.3929902	
0	-0.166606811
0	-0.255453208
0	-0.098988859
0	-0.086616051
0	-0.400994559
0	-0.374645198
0	-0.219182766
0	-0.317476195
0	-0.317476178
0	-0.294006273
0	0.012452924	
0	-0.281581819
0	-0.333363277
0	0.054668154	
0	-0.244988762
0	-0.098392246
0	-0.132548735
0	-0.07009225	
0	-0.068302281
0	-0.075189488
0	 0.024928787
0	 0.038200853
0	 0.183116881
0	 0.043770084
0	-0.254521192
0	 0.420691205
0	-0.438530486
1	 0.043351798
1	 -0.38823824
1	 0.262911696
1	 0.163793512
1	 0.096899743
1	 0.084104538
1	 0.078603736
1	 0.438877824
1	 0.162968392
1	 0.263835559
1	-0.181446701
1	 0.391849509
1	 0.000840289
1	 0.318488392
1	 0.126143135
1	 0.308849056
1	 0.306440953
1	 0.521967625
1	 0.125164923
1	 0.21136652	
1	 0.268501025
1	 0.000134231
1	 0.550581041
1	 0.210706076
1	 0.31005951	
1	 0.299059785
1	 0.282760743
1	 0.185182747
1	 0.195936468
1	 0.424399776
1	 0.157418861
1	 0.351106681
1	 0.294368839
1	 0.24757436	
1	 0.342435738
1	 0.266883089
1	 0.354278358
1	 0.216312347
1	 0.549774038
1	 0.294140504
1	 0.29227156	
1	 0.223677531
1	 0.411828586
1	 0.290988503
1	 0.223217318
1	 0.432198889
1	 0.039542831
1	 0.229548707
1	 0.25354172	
1	 0.325475786
2	 0.11739265	
2	-0.040107142
2	 0.073742879
2	 0.04814941	
2	 0.040262896
2	-0.281736793
2	 0.065470608
2	 0.035758251
2	 0.056595768
2	 0.05026531	
2	 0.072079471
2	 0.034755973
2	 0.053423608
2	 0.060035251
3	-0.521003473
3	-0.360085481
3	-0.212911602
3	-0.223222564
3	-0.000438135
3	-0.11923836	
3	-0.458404803
3	-0.411653748
3	 0.004461407
3	-0.079538219
3	-0.239677849
3	-0.15424674	
3	-0.217136485
3	 0.176611148
3	 0.111822139
3	-0.262732853
3	-0.254545213
3	 0.295117986
3	 0.354126597
3	-0.270352879
3	-0.352299602
3	-0.335049746
3	 0.055338734
3	-0.008244514
3	-0.035789537
3	 0.016634915
3	-0.17224001	
3	 0.247792447
3	-0.300254649
3	 0.170916587
3	 0.260818039
3	-0.2981093	
3	-0.288699876
3	-0.057901449
3	-0.00546839	
3	 0.059145552
3	-0.350971567
3	 0.175178928
3	-0.131508182
3	-0.239897264
3	-0.016597364
3	-0.106575574
3	-0.017638909
3	-0.226895818
3	 0.102814243
3	 0.103712679
3	 0.064182883
3	 0.234646255
3	 0.035595857
3	 0.037527457
3	 0.02549309	
3	 0.224591329
3	 0.135399001
3	-0.073623029
3	-0.108459812
3	m0.140218413
3	-0.051592209
3	-0.1531923	
3	-0.195856482
3	-0.050981204
3	-0.296772077
3	-0.314482945
3	-0.193897732
3	-0.097283125
3	-0.137930138
3	-0.325294813
3	-0.295495888
3	-0.048116827
3	 0.367108265
3	 0.133647633
3	-0.125487899
3	-0.124235469
3	-0.120013746
3	-0.04047924	
3	-0.174983165
3	-0.047158315
3	-0.070732277
3	-0.119054946
3	-0.096826473
3	 0.025947336
3	 0.323155455
3	-0.165848578
3	 0.082578028
3	-0.134689805
3	-0.386058118
3	 0.199969179
3	-0.359758404
3	 0.120493767
3	 0.007492986
3	 0.119913717
3	 0.105161536
3	-0.006987012
4	 0.340086312
4	 0.153761657
4	 0.198463233
4	 0.023902637
4	 0.468433532
4	 0.102251066
4	 0.328664494
4	 0.424233234
4	 0.430715945
4	 0.370467649
4	 0.328601453
4	 0.276954786
4	 0.063255449
4	 0.034209561
4	 0.211308868
4	 0.107699817
4	 0.178966117
4	 0.49665872	
4	 0.068650083
4	 0.17652755	
4	 0.103182192
4	 0.170405397
4	 0.230465186
4	 0.164965321
4	 0.138991775
4	 0.394305605
4	 0.491134683
4	 0.367172803
4	 0.499198233
4	 0.459665834
4	 0.430836508
4	 0.471601318
4	 0.368196221
4	 0.49168015	
4	-0.449064556
4	 0.588458992
4	 0.551648432
4	 0.314323978
4	 0.299406297
4	 0.29366127	
4	 0.394245285
4	 0.436545027
4	 0.337583475
4	 0.493387102
4	 0.398912783
4	 0.353125428
4	 0.305144709
4	 0.350674946
4	 0.263216654
4	 0.50657914	
4	 0.440808112
4	 0.348480811
4	 0.46862744	
4	 0.339571683
4	 0.33743827	
4	 0.37728085	
4	 0.406240149
4	 0.362976967
4	 0.406442004
4	 0.400838804
4	 0.24499741	
4	 0.321891564
4	 0.205463125
4	 0.156172919
4	 0.218925098
4	 0.420603263
4	 0.499656827
4	 0.168270063
4	 0.569369464
4	 0.529805985
4	 0.408948089
4	 0.145046812
4	 0.162633555
4	 0.070856223
4	 0.253819253
4	 0.304024196
5	 0.343567773
5	 0.468306216
5	 0.469230458
5	 0.116232039
5	 0.30478628	
5	 0.354655489
5	 0.347121105
5	 0.228544193
5	 0.490901462
5	 0.417667459
5	 0.457099461
5	 0.417648842
5	 0.423139364
5	-0.354386916
5 	 0.240731329
5	 0.255171363
5	 0.269604026
5	 0.291179198
5	 0.311899337
5	 0.333098183
6	-0.106966685
6	-0.210728417
6	-0.164741438
6	-0.176304732
6	-0.245447552
6	-0.211333413
6	-0.137023421
6	-0.11164753	
6	-0.201650543
6	-0.115615846
6	 0.066311275
6	 0.019744683
6	-0.184232797
6	-0.04673693	
6	-0.171963707
6	-0.197700407
6	-0.21377991	
6	-0.151465589
6	-0.160487706
6	-0.066453602
6	 0.229837581
6	-0.151251684
6	-0.093184347
6 	 0.096291417
6	 0.103115131
6	 0.179890823
6	 0.044955223
6	 0.121720473
6	 0.133966064
6	 0.156396598
6	-0.17398259	
6	 0.116315654
6	 0.000514176
6 	 0.012531086
6	 0.089116905
6	-0.195101494
6	-0.070311634
6	 0.034471526
6	 0.193848176
6	-0.05672408	
6	-0.003969021
6	-0.004590885
6	 0.052393188
6	-0.090812905
6	-0.082136195
6	-0.109413202
6	-0.027778771
6	-0.119188331
6	-0.032877499
6	-0.037145357
6	-0.037417912
6	 0.005505784
6	-0.050001177
6	 0.028082826
6	 0.047704895
6	 0.061498932
6	 0.116982673
6	 0.118749484
6	-0.209676387
6	-0.004129761
6	 0.13574015	
6	 0.233404458
6	 0.038990408
6	-0.06421699	
6	-0.000352357
6	 0.137370566
6	-0.115144699
6	-0.250673501
7	 0.265714545
7	 0.416090292
7	 0.240491208
7	 0.206551303
7	 0.185508464
7	 0.230508406
7	 0.285766821
7	 0.183992579
7	 0.178265291
7	 0.174513614
7	 0.22135445	
7	 0.287219027
7	 0.344321859
7	 0.206802682
7	 0.450579506
7	 0.509734267
7	 0.421664469
7	 0.242685023
7	-0.617271069
7	 0.49783436	
7	 0.517469278
7	 0.529419172
7	 0.318241077
7	 0.341265599
7	 0.439549661
7	 0.473080392
7	 0.404831485
7	 0.450160487
7	 0.439709362
7	 0.56510273	
7	 0.401216073
7 	 0.531833246
7	 0.099810823
7	 0.462100182
8	-0.334950308
8	-0.241648424
8	-0.354194011
8	-0.269387542
8	-0.526642042
8	-0.149185512
8	-0.257941338
8	-0.455776961
8	-0.435607005
8	-0.346914586
8	-0.385414556
8	 0.236409354
8	-0.252797595
8	-0.49596829	
8	-0.397370816
8	-0.42943543	
8	-0.419464458
8	-0.359364966
8	-0.411596761
8	-0.466157958
8	-0.506845508
8	-0.453895613
8	-0.428307216
8	-0.516739858
8	-0.460291258
8	-0.416306639
8	-0.383297785
8	-0.019954628
8	-0.581589811
8	-0.468557914
8	-0.308516084