newClusters	xs	ys
0 	 0.00095635	    -0.084183472
0	 0.003704509	0.007906709
0	-0.222582448	0.024383097
0	-0.210751486	-0.056728252
0	-0.150841799	-0.078177819
0	-0.160708304	-0.215324587
0	-0.291820921	-0.20799674
0	-0.26351617	    0.029146135
0	-0.309171148	-0.148394788
0	-0.320727491	-0.120283308
0	-0.349214133	-0.116474271
0	-0.054167134	-0.219705355
0	 0.197157232	-0.42654356
0	-0.13045622	    0.015264081
0	-0.024063295	-0.060229848
0	-0.062362969	-0.172165352
0	-0.118056752	-0.131838221
0	-0.204115958	-0.091324102
0	-0.214911852	-0.271888783
0	-0.309122549	-0.096598487
0	0.253315969	    -0.354711026
0	-0.332158873	-0.22174403
0	-0.377995308	0.11639627
0	-0.226260608	-0.283849036
0	-0.080722027	-0.097690018
0	-0.081121929	-0.069043621
0	-0.223744863	-0.20220569
0	0.116534984	    0.419921069
0	-0.287957097	-0.299360223
0	-0.016773541	-0.24093623
0	-0.017184483	-0.153840968
0	0.120496811	    0.028963103
0	-0.377698286	-0.051019319
0	-0.445759024	0.0643565
0	-0.405486225	0.007385974
0	-0.23810369	    -0.165249441
0	-0.157276584	-0.110681402
0	-0.363104693	-0.271752128
0	0.240129108	    -0.462047816
0	-0.129399577	-0.304222066
0	0.006645504	    0.031054022
0	0.214642271	    -0.330907993
0	-0.112102477	-0.039924474
0	-0.227885592	-0.134958961
0	-0.418342674	-0.033585804
0	0.15310116	    0.038523606
0	-0.201360034	-0.197703056
0	0.143847934	    -0.181408375
0	-0.079339579	-0.391312692
0	-0.314723008	-0.341892015
0	-0.002207035	-0.224510457
0	0.040649083	    0.170461943
0	-0.451604772	0.135959448
0	-0.3929902	    0.133054715
0	-0.166606811	0.107928484
0	-0.255453208	-0.011558327
0	-0.098988859	0.060015209
0	-0.086616051	0.03411981
0	-0.400994559	0.148748114
0	-0.374645198	0.04269835
0	-0.219182766	0.125030034
0	-0.317476195	0.06426059
0	-0.317476178	0.064260614
0	-0.294006273	-0.108697293
0	0.012452924	    -0.182592106
0	-0.281581819	-0.040831347
0	-0.333363277	-0.354490929
0	0.054668154	    -0.399200158
0	-0.244988762	0.207568014
0	-0.098392246	-0.196106683
0	-0.132548735	-0.156354038
0	-0.07009225	    -0.230218947
0	-0.068302281	-0.283809896
0	-0.075189488	-0.13548265
0	 0.024928787	-0.041265173
0	 0.038200853	-0.195220044
0	 0.183116881	-0.075858368
0	 0.043770084	-0.078120208
0	-0.254521192	-0.344811334
0	 0.420691205	0.094456219
0	-0.438530486	-0.238166494
1	 0.043351798	0.034966451
1	 -0.388238244	0.234953859
1	 0.262911696	0.348487003
1	 0.163793512	0.332542691
1	 0.096899743	0.373805377
1	 0.084104538	0.50523292
1	 0.078603736	0.55071742
1	 0.438877824	0.032169797
1	 0.162968392	0.505417821
1	 0.263835559	0.242934672
1	-0.181446701	0.206952529
1	 0.391849509	0.269398783
1	 0.000840289	0.51976506
1	 0.318488392	0.320166008
1	 0.126143135	0.442137448
1	 0.308849056	0.263190948
1	 0.306440953	0.506377862
1	 0.521967625	0.258760525
1	 0.125164923	0.205308523
1	 0.21136652	    0.23381417
1	 0.268501025	0.500252632
1	 0.000134231	0.375725997
1	 0.550581041	0.143185995
1	 0.210706076	0.449193062
1	 0.31005951	    0.387853003
1	 0.299059785	0.345028998
1	 0.282760743	0.292935798
1	 0.185182747	0.463285218
1	 0.195936468	0.102355563
1	 0.424399776	0.323242277
1	 0.157418861	0.277645237
1	 0.351106681	0.285024236
1	 0.294368839	0.116568503
1	 0.24757436	    0.070128362
1	 0.342435738	-0.224854672
1	 0.266883089	0.310668667
1	 0.354278358	0.16445477
1	 0.216312347	0.086893909
1	 0.549774038	-0.133657558
1	 0.294140504	0.159556036
1	 0.29227156	    0.063674482
1	 0.223677531	0.035419641
1	 0.411828586	0.146521972
1	 0.290988503	0.300965563
1	 0.223217318	0.140022298
1	 0.432198889	0.128399521
1	 0.039542831	0.24301271
1	 0.229548707	0.337462258
1	 0.25354172	    0.15322472
1	 0.325475786	0.047394235
2	 0.11739265	    -0.272941742
2	-0.040107142	0.473613348
2	 0.073742879	0.247822093
2	 0.04814941	    0.415538408
2	 0.040262896	0.505725892
2	-0.281736793	-0.087575112
2	 0.065470608	0.405978484
2	 0.035758251	0.372496086
2	 0.056595768	0.501016398
2	 0.05026531	    0.554463486
2	 0.072079471	0.419481888
2	 0.034755973	0.43915971
2	 0.053423608	0.43147328
2	 0.060035251	0.479174275
3	-0.521003473	0.201224186
3	-0.360085481	0.262463702
3	-0.212911602	0.075502833
3	-0.223222564	0.056681572
3	-0.000438135	0.086882381
3	-0.11923836	    0.109678365
3	-0.458404803	0.060576765
3	-0.411653748	0.167382397
3	 0.004461407	0.150940457
3	-0.079538219	0.419148492
3	-0.239677849	0.396570571
3	-0.15424674	    0.270663629
3	-0.217136485	0.366850746
3	 0.176611148	0.364030258
3	 0.111822139	0.222110384
3	-0.262732853	0.390917186
3	-0.254545213	0.408790246
3	 0.295117986	0.248290229
3	 0.354126597	0.429422755
3	-0.270352879	0.247356797
3	-0.352299602	0.470299639
3	-0.335049746	0.388367765
3	 0.055338734	0.359895404
3	-0.008244514	0.458957742
3	-0.035789537	0.411251101
3	 0.016634915	0.437948664
3	-0.17224001	    0.401627694
3	 0.247792447	0.401237828
3	-0.300254649	0.272319985
3	 0.170916587	0.408033347
3	 0.260818039	0.477987648
3	-0.2981093	    0.036983687
3	-0.288699876	0.196368817
3	-0.057901449	0.361623566
3	-0.00546839	    0.288994655
3	 0.059145552	0.323097363
3	-0.350971567	0.302235317
3	 0.175178928	0.439641526
3	-0.131508182	0.285992372
3	-0.239897264	0.359850544
3	-0.016597364	0.213852176
3	-0.106575574	0.343244166
3	-0.017638909	0.15126547
3	-0.226895818	0.454842688
3	 0.102814243	0.287916639
3	 0.103712679	0.266104841
3	 0.064182883	0.232944377
3	 0.234646255	0.276329295
3	 0.035595857	0.172511974
3	 0.037527457	0.256033079
3	 0.02549309	    0.315796526
3	 0.224591329	0.411523703
3	 0.135399001	0.478204124
3	-0.073623029	0.279626875
3	-0.108459812	0.443776518
3	m0.140218413	0.309944217
3	-0.051592209	0.270248888
3	-0.1531923	    0.216390765
3	-0.195856482	0.354000303
3	-0.050981204	0.204619328
3	-0.296772077	0.220007949
3	-0.314482945	0.355376958
3	-0.193897732	0.237299663
3	-0.097283125	0.315638079
3	-0.137930138	0.247798067
3	-0.325294813	0.479819354
3	-0.295495888	0.504953401
3	-0.048116827	0.470065035
3	 0.367108265	0.371211488
3	 0.133647633	0.361383325
3	-0.125487899	0.512561689
3	-0.124235469	0.381242575
3	-0.120013746	0.271402203
3	-0.04047924	    0.449015132
3	-0.174983165	0.459866457
3	-0.047158315	0.374601568
3	-0.070732277	0.174370374
3	-0.119054946	0.173826629
3	-0.096826473	0.205338281
3	 0.025947336	0.222462053
3	 0.323155455	0.335275748
3	-0.165848578	0.178270829
3	 0.082578028	0.169034113
3	-0.134689805	0.083498551
3	-0.386058118	0.353274407
3	 0.199969179	0.302487889
3	-0.359758404	0.151858607
3	 0.120493767	0.325439588
3	 0.007492986	0.366021222
3	 0.119913717	0.351632533
3	 0.105161536	0.354364667
3	-0.006987012	0.366621269
4	 0.340086312	0.090518344
4	 0.153761657	-0.002779019
4	 0.198463233	-0.017480787
4	 0.023902637	-0.113893857
4	 0.468433532	-0.133122648
4	 0.102251066	-0.138955167
4	 0.328664494	-0.274163602
4	 0.424233234	-0.240385705
4	 0.430715945	-0.243505656
4	 0.370467649	0.011867412
4	 0.328601453	-0.008396007
4	 0.276954786	0.336527285
4	 0.063255449	-0.151915926
4	 0.034209561	0.131243628
4	 0.211308868	0.175700214
4	 0.107699817	-0.060265812
4	 0.178966117	0.216886071
4	 0.49665872	   0.149784435
4	 0.068650083	0.242418949
4	 0.17652755	   0.539587748
4	 0.103182192	-0.170880325
4	 0.170405397	0.146541824
4	 0.230465186	0.308476876
4	 0.164965321	0.038842692
4	 0.138991775	0.130608493
4	 0.394305605	-0.254050188
4	 0.491134683	-0.010516804
4	 0.367172803	-0.188072402
4	 0.499198233	0.203964902
4	 0.459665834	0.20319568
4	 0.430836508	0.369681811
4	 0.471601318	0.059384436
4	 0.368196221	0.203335447
4	 0.49168015	    0.192759781
4	-0.449064556	0.254582093
4	 0.588458992	0.023091048
4	 0.551648432	-0.088102813
4	 0.314323978	0.026288193
4	 0.299406297	-0.279936909
4	 0.29366127	    -0.12047339
4	 0.394245285	0.08911012
4	 0.436545027	-0.016234442
4	 0.337583475	0.128605772
4	 0.493387102	0.108501186
4	 0.398912783	0.213766511
4	 0.353125428	0.082151169
4	 0.305144709	-0.346053276
4	 0.350674946	-0.099072029
4	 0.263216654	-0.045517351
4	 0.50657914	    0.269823753
4	 0.440808112	0.18896998
4	 0.348480811	0.057106058
4	 0.46862744	    0.29128281
4	 0.339571683	-0.171462634
4	 0.33743827	    0.195525127
4	 0.37728085	    -0.397062537
4	 0.406240149	0.296585987
4	 0.362976967	0.288604183
4	 0.406442004	0.212825324
4	 0.400838804	-0.078202493
4	 0.24499741	    -0.053328933
4	 0.321891564	-0.027230077
4	 0.205463125	-0.284710531
4	 0.156172919	0.013134948
4	 0.218925098	-0.126250621
4	 0.420603263	-0.177082907
4	 0.499656827	-0.055499273
4	 0.168270063	0.48127175
4	 0.569369464	-0.250455247
4	 0.529805985	-0.258603603
4	 0.408948089	-0.336675737
4	 0.145046812	-0.147894986
4	 0.162633555	-0.046778496
4	 0.070856223	0.023163981
4	 0.253819253	0.141947524
4	 0.304024196	-0.201835696
5	 0.343567773	0.24445043
5	 0.468306216	0.13204054
5	 0.469230458	0.175296836
5	 0.116232039	0.065143258
5	 0.30478628	    0.169612
5	 0.354655489	0.196314357
5	 0.347121105	-0.068092275
5	 0.228544193	-0.095293091
5	 0.490901462	-0.029793062
5	 0.417667459	-0.208646598
5	 0.457099461	-0.203279456
5	 0.417648842	-0.138858469
5	 0.423139364	-0.29776292
5	-0.354386916	0.014544227
5 	 0.240731329	0.051091351
5	 0.255171363	-0.01607473
5	 0.269604026	-0.154859995
5	 0.291179198	-0.235588816
5	 0.311899337	-0.36534127
5	 0.333098183	-0.312074728
6	-0.106966685	-0.293210238
6	-0.210728417	-0.332591644
6	-0.164741438	-0.509253518
6	-0.176304732	-0.38970675
6	-0.245447552	-0.466119146
6	-0.211333413	-0.393526023
6	-0.137023421	-0.489533333
6	-0.11164753	    -0.323808331
6	-0.201650543	-0.478213214
6	-0.115615846	-0.455751611
6	 0.066311275	-0.272107733
6	 0.019744683	-0.53428887
6	-0.184232797	-0.360506993
6	-0.04673693	    -0.427470448
6	-0.171963707	-0.283209789
6	-0.197700407	-0.427987203
6	-0.21377991	    -0.453193981
6	-0.151465589	-0.441422235
6	-0.160487706	-0.390126871
6	-0.066453602	-0.340719644
6	 0.229837581	-0.505205472
6	-0.151251684	-0.558578154
6	-0.093184347	-0.476292261
6 	 0.096291417	-0.414036137
6	 0.103115131	-0.323242789
6	 0.179890823	-0.428843087
6	 0.044955223	-0.383919926
6	 0.121720473	-0.472783168
6	 0.133966064	-0.486226639
6	 0.156396598	-0.435141372
6	-0.17398259	    -0.334143073
6	 0.116315654	-0.429424596
6	 0.000514176	-0.301837268
6 	 0.012531086	-0.388507106
6	 0.089116905	-0.326732332
6	-0.195101494	-0.504395442
6	-0.070311634	-0.480718657
6	 0.034471526	-0.306272824
6	 0.193848176	-0.451562541
6	-0.05672408	    -0.581321053
6	-0.003969021	-0.461535216
6	-0.004590885	-0.426264623
6	 0.052393188	-0.589075098
6	-0.090812905	-0.454305281
6	-0.082136195	-0.524453532
6	-0.109413202	-0.40690005
6	-0.027778771	-0.361325899
6	-0.119188331	-0.376152173
6	-0.032877499	-0.310517034
6	-0.037145357	-0.483535129
6	-0.037417912	-0.39798054
6	 0.005505784	-0.476249862
6	-0.050001177	-0.412359447
6	 0.028082826	-0.441449165
6	 0.047704895	-0.535146632
6	 0.061498932	-0.262954888
6	 0.116982673	-0.415018624
6	 0.118749484	-0.335471018
6	-0.209676387	-0.422430394
6	-0.004129761	-0.51548115
6	 0.13574015	    -0.393789263
6	 0.233404458	-0.399719015
6	 0.038990408	-0.424278091
6	-0.06421699	    -0.505445786
6	-0.000352357	-0.374799316
6	 0.137370566	-0.380527503
6	-0.115144699	-0.268719224
6	-0.250673501	-0.550164416
7	 0.265714545	0.176804726
7	 0.416090292	0.243871671
7	 0.240491208	-0.274261192
7	 0.206551303	-0.17873635
7	 0.185508464	-0.232604599
7	 0.230508406	-0.296562814
7	 0.285766821	-0.18145388
7	 0.183992579	-0.356800245
7	 0.178265291	-0.33629764
7	 0.174513614	-0.258849704
7	 0.22135445	    -0.367910367
7	 0.287219027	-0.222180207
7	 0.344321859	0.367071259
7	 0.206802682	-0.572725072
7	 0.450579506	0.015193907
7	 0.509734267	0.091871667
7	 0.421664469	0.03349766
7	 0.242685023	-0.215512873
7	-0.617271069	-0.035391157
7	 0.49783436	    0.082837626
7	 0.517469278	-0.180949198
7	 0.529419172	-0.0151506
7	 0.318241077	0.054292102
7	 0.341265599	-0.295396509
7	 0.439549661	-0.066206804
7	 0.473080392	-0.148561286
7	 0.404831485	-0.026311256
7	 0.450160487	0.086721798
7	 0.439709362	-0.090873703
7	 0.56510273	    -0.066122148
7	 0.401216073	-0.105717551
7 	 0.531833246	0.015884606
7	 0.099810823	-0.197212926
7	 0.462100182	-0.07343482
8	-0.334950308	-0.378521672
8	-0.241648424	-0.105282018
8	-0.354194011	-0.185475576
8	-0.269387542	-0.201287688
8	-0.526642042	0.048857799
8	-0.149185512	-0.215786184
8	-0.257941338	-0.27039693
8	-0.455776961	-0.145886053
8	-0.435607005	-0.193419331
8	-0.346914586	-0.227620601
8	-0.385414556	-0.215017871
8	 0.236409354	-0.375898152
8	-0.252797595	-0.273958072
8	-0.49596829	    0.016880746
8	-0.397370816	-0.317448503
8	-0.42943543	    -0.346948019
8	-0.419464458	-0.103228884
8	-0.359364966	-0.372243719
8	-0.411596761	-0.079921779
8	-0.466157958	-0.120248441
8	-0.506845508	-0.10068924
8	-0.453895613	-0.183948493
8	-0.428307216	-0.129441241
8	-0.516739858	-0.054917441
8	-0.460291258	-0.160320528
8	-0.416306639	-0.305654453
8	-0.383297785	-0.361592471
8	-0.019954628	-0.007911631
8	-0.581589811	0.043054942
8	-0.468557914	-0.085448195
8	-0.308516084	-0.258147759
		
		
		
		
		
		
		