id,parentId,likes
tweet,
0,tweet
1,tweet
2,tweet
3,tweet
4,tweet
5,tweet
6,tweet
7,tweet
8,tweet
9,tweet
161619,7,0
56446,7,0
241564,9,0
7867,8,0
178148,7,0
127101,8,4
27450,7,0
166981,7,0
188648,7,1
179734,8,6
14664,8,1
101066,8,0
107021,8,1
103294,0,0
186720,7,1
173610,7,0
207510,2,0
126814,1,1
115941,8,0
301937,8,0
211247,9,1
68334,7,0
9848,1,1
141995,3,0
2365,6,1
49016,8,1
206033,1,0
95771,7,0
92655,7,0
85878,7,1
51629,6,0
9830,7,1
161235,8,1
70208,7,2
72361,9,3
65354,6,0
280609,8,0
232443,7,131
90139,8,1
40534,8,1
83139,9,1
18361,6,0
339189,8,3
249233,6,0
335996,7,15
215360,6,0
69011,7,0
166252,6,3
62967,7,0
38623,8,0
74474,6,1
34600,6,0
64166,4,20
79528,9,1
89342,9,1
69743,7,0
71131,4,1
22224,7,0
199021,8,0
35791,7,0
65398,7,2
78562,6,2
54834,8,0
182290,7,20
122699,8,0
1210,7,1
282153,6,0
62769,7,0
31528,4,0
278365,7,0
120556,7,0
120512,8,0
65090,7,0
41560,7,0
140130,7,1
145836,8,0
35707,8,0
142844,9,1
38791,8,0
16286,7,0
138280,8,53
137171,8,0
7576,7,0
96709,9,4
92726,4,0
58365,7,1
82408,6,1
122621,8,1
329952,8,2
26516,6,1
61794,7,0
57490,7,1
63484,7,0
29038,6,0
72553,1,0
53066,7,0
312701,8,0
7027,4,4
256736,7,2
99764,7,1
286005,7,10
13188,8,8
31517,8,0
8470,7,1
44539,8,2
4016,8,0
51283,9,1
98012,7,0
137392,7,1
85406,9,11
311481,7,0
2070,9,9
93090,9,0
34451,9,2
73106,6,3
123303,7,0
70428,7,2
152361,5,4
63787,6,0
45935,8,0
123089,8,0
41754,7,0
150011,8,1
150533,8,1
19526,7,10
117805,7,3
231599,8,0
118214,9,7
203184,2,0
72178,7,0
66421,8,5
23826,9,3
121867,7,1
326499,8,5
159898,7,2
108653,7,0
21307,7,0
206533,7,1
141415,3,0
127658,7,2
3400,8,0
205736,7,1
309301,8,0
127949,8,0
14592,8,1
117281,9,0
103930,8,0
60137,7,0
14048,8,0
9583,7,7
266944,7,0
70376,7,0
63918,7,0
370,8,0
79339,6,0
236402,7,0
13018,7,0
228385,9,0
108710,7,0
78114,7,0
114110,5,135
327731,8,3
158963,8,0
88616,7,1
273900,6,0
55712,7,0
152416,9,1
42924,8,1
160654,7,0
111717,8,135
142331,7,1
146115,8,0
65286,7,0
101461,8,0
198252,8,0
83608,6,0
197097,7,0
72837,7,0
179787,8,3
82010,5,1
111384,9,0
63227,7,0
255244,8,1
62250,7,0
99368,1,0
37489,8,0
118811,7,0
50936,8,2
136014,9,1
8232,8,0
91047,7,1
33200,8,1
192010,2,0
19599,8,4
211852,7,4
77465,8,3
219301,7,0
202323,8,0
25345,7,0
115046,4,1
10781,9,0
89278,6,0
48833,9,0
119106,8,0
222713,9,0
30037,7,0
136934,8,0
2897,7,1
257214,7,3
166805,6,4
21899,8,0
155098,8,2
90106,7,2
130418,8,16
63667,3,0
84590,6,0
39995,7,0
34202,8,1
108589,7,0
63167,7,0
83146,8,0
106257,8,3
213271,7,0
67135,7,0
1281,9,0
92698,7,1
158436,7,1
185373,5,5
30286,8,0
18326,7,2
217384,7,1
124695,7,4
292213,7,0
102473,8,0
38840,7,1
44877,7,0
111973,7,0
10192,7,0
73134,7,0
117207,7,0
31526,8,0
160727,7,0
44855,5,0
79313,6,7
53926,7,0
261182,8,2
71648,6,0
277197,7,0
107040,7,1
66508,8,0
98819,7,6
169713,7,4
72122,8,0
21441,8,0
186894,5,0
215113,8,1
96721,9,1
24954,7,0
113852,8,0
146056,8,2
11919,9,0
2557,8,2
171856,8,0
8646,6,3
151646,7,0
89997,6,0
53734,8,1
157493,7,0
256176,9,16
327613,5,1
82169,4,0
61512,7,1
16637,8,2
145710,8,2
97286,7,0
69366,7,3
31477,7,1
81910,7,1
33913,8,0
10001,7,0
97918,8,0
220538,7,1
232200,2,0
70768,7,0
83620,8,0
194204,8,1
84265,7,0
230752,7,23
116069,9,0
60317,7,0
92551,6,1
25406,8,4
327653,8,0
56128,7,1
322853,8,11
282393,7,0
169155,8,0
297572,7,2
137563,7,0
74841,8,5
342041,8,0
305617,4,2
61733,8,1
68242,9,0
30385,7,0
95832,8,2
160270,8,0
124182,7,0
57030,5,3
85311,0,9
146212,7,4
14451,7,1
278547,3,0
135886,7,1
49329,6,0
7920,7,0
33906,7,3
56451,9,8
58052,8,0
131007,8,0
205468,9,0
59161,7,1
90688,7,0
84126,6,0
111810,7,0
50011,7,0
312027,6,1
109748,8,0
151325,8,0
104314,9,11
11820,6,5
46281,7,0
18124,7,0
78084,8,1
78836,9,1
160112,4,3
106222,1,0
184882,7,0
164395,8,8
430,7,6
286807,8,2
73416,7,0
90194,5,21
5174,8,0
49035,7,0
75258,7,1
65117,6,0
328887,8,1
108852,8,1
232097,1,0
161019,9,0
156340,8,0
97753,7,27
"this is a' test",8,1169
109099,6,0
241175,8,4
122175,7,0
151137,7,0
139968,7,0
33333,7,2
177700,7,1
111988,8,0
49542,7,4
226248,7,1
151586,8,0
108047,8,0
97461,8,4
198384,7,0
214198,7,1
9723,6,0
234733,8,0
90473,8,2
93607,8,1
133509,7,2
56077,7,8
96397,7,0
247389,7,0
139532,8,3
31508,7,0
89421,7,0
111467,7,0
63412,6,1
10269,6,0
274084,5,1
13347,4,2
206174,7,0
159046,4,6
123817,3,0
136978,7,0
99543,8,0
47419,7,0
8575,0,3
26589,8,2
165675,8,0
147601,8,5
4823,6,2
264182,7,0
120176,7,0
247122,8,0
30087,8,1
53652,8,2
320883,7,0
59980,8,2
55247,7,0
152164,7,0
60194,7,0
7039,7,0
125482,7,0
31190,8,0
82062,1,2
18807,7,0
53118,8,1
163076,7,2
22972,7,0
80,7,4
56464,7,0
213161,7,0
145278,7,0
41453,7,0
246422,6,0
149472,8,0
87392,8,5
270379,6,4
82763,6,0
179601,7,1
82835,7,0
124940,6,0
299899,7,1
79869,9,0
168717,7,0
9411,8,4
275235,8,0
119625,7,2
58679,7,0
140138,7,0
158204,3,0
48416,6,1
77472,6,0
11444,7,1
52788,7,0
32749,0,0
86922,6,0
76609,7,1
97719,8,2
76575,8,0
96971,7,1
83280,8,0
178020,7,4
90843,7,0
98399,7,5
329762,8,8
61312,8,2
109699,7,1
63322,9,0
39593,8,0
136977,7,9
129772,9,3
122076,8,0
51405,8,1
94494,8,2
42308,6,1
155193,7,0
266657,6,0
261884,8,0
290393,4,0
39229,8,2
210813,7,0
167778,8,1
116640,7,2
33122,8,2
18777,9,2
332978,8,0
329928,8,5
157292,6,0
57948,7,25
193570,7,0
83988,8,2
5518,7,5
240029,8,0
59224,7,0
197931,9,0
81954,7,0
93379,7,0
110481,7,0
38016,8,2
121984,8,0
211460,8,7
41140,3,0
132655,6,1
88233,8,42
58766,6,1
14126,7,0
1360,8,0
67385,6,0
189873,5,0
124772,7,0
7994,7,22
160205,8,1
28153,8,0
150060,8,46
43657,7,0
83823,7,0
303989,8,0
94575,8,2
221502,5,0
120702,0,0
13246,7,0
180381,8,68
192385,8,1
61195,1,0
111581,7,2
256956,8,0
37941,8,26
30333,9,2
154676,8,0
288041,7,1
221723,8,20
20534,7,0
114022,7,2
157988,7,1
163947,5,0
3316,8,0
155969,8,7
16321,4,1
181112,6,9
26216,7,1
260806,6,0
5165,8,0
84450,7,0
289230,6,0
40543,7,0
97395,8,4
138800,7,0
241243,3,1
49092,8,2
9211,8,1
210611,8,0
125513,8,2
103827,8,0
33804,7,0
163519,7,5
275743,7,0
95044,7,0
265163,8,5
209952,7,0
10353,7,3
338355,5,0
3840,8,0
176458,7,2
112296,8,1
17812,7,0
273220,5,0
13533,8,0
112874,8,2
140073,8,0
26134,4,0
85094,7,1
127383,7,0
14203,6,5
73148,4,0
36560,8,10
70662,8,0
126861,8,0
13693,7,0
103635,7,0
126315,8,1
174952,7,3
7737,7,0
83224,9,0
79191,5,0
34573,6,0
21597,6,0
5488,6,0
109335,9,1
68277,7,0
151081,5,1
53593,7,0
227862,8,0
142395,7,0
209443,9,1
77832,7,0
66267,7,0
110561,8,0
16779,8,1
72999,7,0
67848,8,1
180785,8,12
313990,7,0
151395,8,2
13780,9,0
89826,8,1
278318,7,677
57922,8,1
4905,7,0
6102,7,0
119337,1,0
66735,7,71
134848,8,0
88843,8,25
92343,8,2
26071,7,0
35897,7,0
46537,8,1
161443,8,0
60142,7,0
145716,8,9
21098,8,4
25350,8,1
109207,7,0
106368,8,0
152530,1,14
3292,8,0
74634,7,0
134921,7,2
153507,8,0
119940,6,0
90233,6,0
9766,8,0
55318,7,0
141678,7,45
32019,6,1
291418,8,0
6953,7,0
147237,7,1
305731,8,0
166947,9,0
302588,8,1
260040,7,0
100261,6,0
31690,6,0
176335,8,1
144281,8,1
158371,7,0
687,3,0
126664,1,1
3559,6,9
101920,8,1
183409,9,0
27793,8,1
16172,7,0
175421,8,3
117030,7,0
153942,7,0
133546,6,1
113212,7,0
21656,8,0
155789,8,0
119835,7,2
19027,7,0
84991,3,2
335118,8,3
11872,7,0
36815,8,3
12643,7,0
171076,7,0
312630,7,0
70535,8,2
151236,7,5
45763,7,0
23574,5,2
310253,7,0
78361,6,2
219730,6,0
70837,8,0
246723,7,0
26908,9,3
64292,8,0
64609,7,1
115972,7,0
29904,6,0
95927,7,0
106349,8,0
216203,7,0
67384,8,2
147217,7,20
45423,6,0
180488,7,0
93612,7,0
9381,9,1
155878,8,1
173250,1,0
82174,9,2
145548,8,1
160172,7,0
30074,6,4
94756,8,0
114326,7,1
84352,7,3
224787,2,0
193234,7,0
18346,8,1
9886,1,1
281320,7,0
74316,7,0
208673,2,0
67164,8,0
42673,8,1
51175,8,0
237424,7,0
278318,7,677
57922,8,1
4905,7,0
6102,7,0
119337,1,0
66735,7,71
134848,8,0
88843,8,25
92343,8,2
26071,7,0
35897,7,0
46537,8,1
161443,8,0
60142,7,0
145716,8,9
21098,8,4
25350,8,1
109207,7,0
106368,8,0
152530,1,14
3292,8,0
74634,7,0
134921,7,2
153507,8,0
119940,6,0
90233,6,0
9766,8,0
55318,7,0
141678,7,45
32019,6,1
291418,8,0
6953,7,0
147237,7,1
305731,8,0
166947,9,0
302588,8,1
260040,7,0
100261,6,0
31690,6,0
176335,8,1
144281,8,1
158371,7,0
687,3,0
126664,1,1
3559,6,9
101920,8,1
183409,9,0
27793,8,1
16172,7,0
175421,8,3
117030,7,0
153942,7,0
133546,6,1
113212,7,0
21656,8,0
155789,8,0
119835,7,2
19027,7,0
84991,3,2
335118,8,3
11872,7,0
36815,8,3
12643,7,0
171076,7,0
312630,7,0
70535,8,2
151236,7,5
45763,7,0
23574,5,2
310253,7,0
78361,6,2
219730,6,0
70837,8,0
246723,7,0
26908,9,3
64292,8,0
64609,7,1
115972,7,0
29904,6,0
95927,7,0
106349,8,0
216203,7,0
67384,8,2
147217,7,20
45423,6,0
180488,7,0
93612,7,0
9381,9,1
155878,8,1
173250,1,0
82174,9,2
145548,8,1
160172,7,0
30074,6,4
94756,8,0
114326,7,1
84352,7,3
224787,2,0
193234,7,0
18346,8,1
9886,1,1
281320,7,0
74316,7,0
208673,2,0
67164,8,0
42673,8,1
51175,8,0
237424,7,0