id,parentId,likes
tweet,
0,tweet
1,tweet
2,tweet
3,tweet
4,tweet
5,tweet
6,tweet
7,tweet
8,tweet
9,tweet
161619,7,0
56446,7,0
241564,9,0
7867,8,0
178148,7,0
127101,8,4
27450,7,0
166981,7,0
188648,7,1
179734,8,6
14664,8,1
101066,8,0
107021,8,1
103294,0,0
186720,7,1
173610,7,0
207510,2,0
126814,1,1
115941,8,0
301937,8,0
211247,9,1
68334,7,0
9848,1,1
141995,3,0
2365,6,1
49016,8,1
206033,1,0
95771,7,0
92655,7,0
85878,7,1
51629,6,0
9830,7,1
161235,8,1
70208,7,2
72361,9,3
65354,6,0
280609,8,0
232443,7,131
90139,8,1
40534,8,1
83139,9,1
18361,6,0
339189,8,3
249233,6,0
335996,7,15
215360,6,0
69011,7,0
166252,6,3
62967,7,0
38623,8,0
74474,6,1
34600,6,0
64166,4,20
79528,9,1
89342,9,1
69743,7,0
71131,4,1
22224,7,0
199021,8,0
35791,7,0
65398,7,2
78562,6,2
54834,8,0
182290,7,20
122699,8,0
1210,7,1
282153,6,0
62769,7,0
31528,4,0
278365,7,0
120556,7,0
120512,8,0
65090,7,0
41560,7,0
140130,7,1
145836,8,0
35707,8,0
142844,9,1
38791,8,0
16286,7,0
138280,8,53
137171,8,0
7576,7,0
96709,9,4
92726,4,0
58365,7,1
82408,6,1
122621,8,1
329952,8,2
26516,6,1
61794,7,0
57490,7,1
63484,7,0
29038,6,0
72553,1,0
53066,7,0
312701,8,0
7027,4,4
256736,7,2
99764,7,1
286005,7,10
13188,8,8
31517,8,0
8470,7,1
44539,8,2
4016,8,0
51283,9,1
98012,7,0
137392,7,1
85406,9,11
311481,7,0
2070,9,9
93090,9,0
34451,9,2
73106,6,3
123303,7,0
70428,7,2
152361,5,4
63787,6,0
45935,8,0
123089,8,0
41754,7,0
150011,8,1
150533,8,1
19526,7,10
117805,7,3
231599,8,0
118214,9,7
203184,2,0
72178,7,0
66421,8,5
23826,9,3
121867,7,1
326499,8,5
159898,7,2
108653,7,0
21307,7,0
206533,7,1
141415,3,0
127658,7,2
3400,8,0
205736,7,1
309301,8,0
127949,8,0
14592,8,1
117281,9,0
103930,8,0
60137,7,0
14048,8,0
9583,7,7
266944,7,0
70376,7,0
63918,7,0
370,8,0
79339,6,0
236402,7,0
13018,7,0
228385,9,0
108710,7,0
78114,7,0
114110,5,135
327731,8,3
158963,8,0
88616,7,1
273900,6,0
55712,7,0
152416,9,1
42924,8,1
160654,7,0
111717,8,135
142331,7,1
146115,8,0
65286,7,0
101461,8,0
198252,8,0
83608,6,0
197097,7,0
72837,7,0
179787,8,3
82010,5,1
111384,9,0
63227,7,0
255244,8,1
62250,7,0
99368,1,0
37489,8,0
118811,7,0
50936,8,2
136014,9,1
8232,8,0
91047,7,1
33200,8,1
192010,2,0
19599,8,4
211852,7,4
77465,8,3
219301,7,0
202323,8,0
25345,7,0
115046,4,1
10781,9,0
89278,6,0
48833,9,0
119106,8,0
222713,9,0
30037,7,0
136934,8,0
2897,7,1
257214,7,3
166805,6,4
21899,8,0
155098,8,2
90106,7,2
130418,8,16
63667,3,0
84590,6,0
39995,7,0
34202,8,1
108589,7,0
63167,7,0
83146,8,0
106257,8,3
213271,7,0
67135,7,0
1281,9,0
92698,7,1
158436,7,1
185373,5,5
30286,8,0
18326,7,2
217384,7,1
124695,7,4
292213,7,0
102473,8,0
38840,7,1
44877,7,0
111973,7,0
10192,7,0
73134,7,0
117207,7,0
31526,8,0
160727,7,0
44855,5,0
79313,6,7
53926,7,0
261182,8,2
71648,6,0
277197,7,0
107040,7,1
66508,8,0
98819,7,6
169713,7,4
72122,8,0
21441,8,0
186894,5,0
215113,8,1
96721,9,1
24954,7,0
113852,8,0
146056,8,2
11919,9,0
2557,8,2
171856,8,0
8646,6,3
151646,7,0
89997,6,0
53734,8,1
157493,7,0
256176,9,16
327613,5,1
82169,4,0
61512,7,1
16637,8,2
145710,8,2
97286,7,0
69366,7,3
31477,7,1
81910,7,1
33913,8,0
10001,7,0
97918,8,0
220538,7,1
232200,2,0
70768,7,0
83620,8,0
194204,8,1
84265,7,0
230752,7,23
116069,9,0
60317,7,0
92551,6,1
25406,8,4
327653,8,0
56128,7,1
322853,8,11
282393,7,0
169155,8,0
297572,7,2
137563,7,0
74841,8,5
342041,8,0
305617,4,2
61733,8,1
68242,9,0
30385,7,0
95832,8,2
160270,8,0
124182,7,0
57030,5,3
85311,0,9
146212,7,4
14451,7,1
278547,3,0
135886,7,1
49329,6,0
7920,7,0
33906,7,3
56451,9,8
58052,8,0
131007,8,0
205468,9,0
59161,7,1
90688,7,0
84126,6,0
111810,7,0
50011,7,0
312027,6,1
109748,8,0
151325,8,0
104314,9,11
11820,6,5
46281,7,0
18124,7,0
78084,8,1
78836,9,1
160112,4,3
106222,1,0
184882,7,0
164395,8,8
430,7,6
286807,8,2
73416,7,0
90194,5,21
5174,8,0
49035,7,0
75258,7,1
65117,6,0
328887,8,1
108852,8,1
232097,1,0
161019,9,0
156340,8,0
97753,7,27
"this is a' test",8,1169
109099,6,0
241175,8,4
122175,7,0
151137,7,0
139968,7,0
33333,7,2
177700,7,1
111988,8,0
49542,7,4
226248,7,1
151586,8,0
108047,8,0
97461,8,4
198384,7,0
214198,7,1
9723,6,0
234733,8,0
90473,8,2
93607,8,1
133509,7,2
56077,7,8
96397,7,0
247389,7,0
139532,8,3
31508,7,0
89421,7,0
111467,7,0
63412,6,1
10269,6,0
274084,5,1
13347,4,2
206174,7,0
159046,4,6
123817,3,0
136978,7,0
99543,8,0
47419,7,0
8575,0,3
26589,8,2
165675,8,0
147601,8,5
4823,6,2
264182,7,0
120176,7,0
247122,8,0
30087,8,1
53652,8,2
320883,7,0
59980,8,2
55247,7,0
152164,7,0
60194,7,0
7039,7,0
125482,7,0
31190,8,0
82062,1,2
18807,7,0
53118,8,1
163076,7,2
22972,7,0
80,7,4
56464,7,0
213161,7,0
145278,7,0
41453,7,0
246422,6,0
149472,8,0
87392,8,5
270379,6,4
82763,6,0
179601,7,1
82835,7,0
124940,6,0
299899,7,1
79869,9,0
168717,7,0
9411,8,4
275235,8,0
119625,7,2
58679,7,0
140138,7,0
158204,3,0
48416,6,1
77472,6,0
11444,7,1
52788,7,0
32749,0,0
86922,6,0
76609,7,1
97719,8,2
76575,8,0
96971,7,1
83280,8,0
178020,7,4
90843,7,0
98399,7,5
329762,8,8
61312,8,2
109699,7,1
63322,9,0
39593,8,0
136977,7,9
129772,9,3
122076,8,0
51405,8,1
94494,8,2
42308,6,1
155193,7,0
266657,6,0
261884,8,0
290393,4,0
39229,8,2
210813,7,0
167778,8,1
116640,7,2
33122,8,2
18777,9,2
332978,8,0
329928,8,5
157292,6,0
57948,7,25
193570,7,0
83988,8,2
5518,7,5
240029,8,0
59224,7,0
197931,9,0
81954,7,0
93379,7,0
110481,7,0
38016,8,2
121984,8,0
211460,8,7
41140,3,0
132655,6,1
88233,8,42
58766,6,1
14126,7,0
1360,8,0
67385,6,0
189873,5,0
124772,7,0
7994,7,22
160205,8,1
28153,8,0
150060,8,46
43657,7,0
83823,7,0
303989,8,0
94575,8,2
221502,5,0
120702,0,0
13246,7,0
180381,8,68
192385,8,1
61195,1,0
111581,7,2
256956,8,0
37941,8,26
30333,9,2
154676,8,0
288041,7,1
221723,8,20
20534,7,0
114022,7,2
157988,7,1
163947,5,0
3316,8,0
155969,8,7
16321,4,1
181112,6,9
26216,7,1
260806,6,0
5165,8,0
84450,7,0
289230,6,0
40543,7,0
97395,8,4
138800,7,0
241243,3,1
49092,8,2
9211,8,1
210611,8,0
125513,8,2
103827,8,0
33804,7,0
163519,7,5
275743,7,0
95044,7,0
265163,8,5
209952,7,0
10353,7,3
338355,5,0
3840,8,0
176458,7,2
112296,8,1
17812,7,0
273220,5,0
13533,8,0
112874,8,2
140073,8,0
26134,4,0
85094,7,1
127383,7,0
14203,6,5
73148,4,0
36560,8,10
70662,8,0
126861,8,0
13693,7,0
103635,7,0
126315,8,1
174952,7,3
7737,7,0
83224,9,0
79191,5,0
34573,6,0
21597,6,0
5488,6,0
109335,9,1
68277,7,0
151081,5,1
53593,7,0
227862,8,0
142395,7,0
209443,9,1
77832,7,0
66267,7,0
110561,8,0
16779,8,1
72999,7,0
67848,8,1
180785,8,12
313990,7,0
151395,8,2
13780,9,0
89826,8,1
278318,7,677
57922,8,1
4905,7,0
6102,7,0
119337,1,0
66735,7,71
134848,8,0
88843,8,25
92343,8,2
26071,7,0
35897,7,0
46537,8,1
161443,8,0
60142,7,0
145716,8,9
21098,8,4
25350,8,1
109207,7,0
106368,8,0
152530,1,14
3292,8,0
74634,7,0
134921,7,2
153507,8,0
119940,6,0
90233,6,0
9766,8,0
55318,7,0
141678,7,45
32019,6,1
291418,8,0
6953,7,0
147237,7,1
305731,8,0
166947,9,0
302588,8,1
260040,7,0
100261,6,0
31690,6,0
176335,8,1
144281,8,1
158371,7,0
687,3,0
126664,1,1
3559,6,9
101920,8,1
183409,9,0
27793,8,1
16172,7,0
175421,8,3
117030,7,0
153942,7,0
133546,6,1
113212,7,0
21656,8,0
155789,8,0
119835,7,2
19027,7,0
84991,3,2
335118,8,3
11872,7,0
36815,8,3
12643,7,0
171076,7,0
312630,7,0
70535,8,2
151236,7,5
45763,7,0
23574,5,2
310253,7,0
78361,6,2
219730,6,0
70837,8,0
246723,7,0
26908,9,3
64292,8,0
64609,7,1
115972,7,0
29904,6,0
95927,7,0
106349,8,0
216203,7,0
67384,8,2
147217,7,20
45423,6,0
180488,7,0
93612,7,0
9381,9,1
155878,8,1
173250,1,0
82174,9,2
145548,8,1
160172,7,0
30074,6,4
94756,8,0
114326,7,1
84352,7,3
224787,2,0
193234,7,0
18346,8,1
9886,1,1
281320,7,0
74316,7,0
208673,2,0
67164,8,0
42673,8,1
51175,8,0
237424,7,0
62620,8,0
87874,7,1
61428,7,0
99670,7,0
139272,7,0
80989,7,4
99081,6,3
86288,7,0
21765,7,0
116433,7,9
104060,6,1
711,7,0
133663,8,3
286030,7,0
134293,3,0
57819,7,1
198313,7,0
20259,8,56
67192,7,0
26343,4,20
301387,7,0
26858,8,1
1745,7,7
11392,7,0
102698,7,0
107384,7,0
54855,8,11
111189,8,0
60782,7,0
149784,8,0
41687,8,2
70449,8,5
62936,7,1
42598,8,4
37921,8,24
72727,8,0
217375,6,0
213051,0,0
48517,7,0
24724,6,2
168552,6,0
52437,7,0
211180,8,0
74936,7,0
56847,3,0
167591,8,1
158166,5,22
116865,7,1
5413,7,0
184660,7,0
212073,5,1
10769,7,0
114952,7,0
82711,7,0
99246,7,0
17648,4,0
230326,2,1
83587,9,1
66015,7,1
172769,4,2
97184,8,1
227872,6,2
189064,7,0
296450,7,1
5388,8,1
55854,7,0
42324,7,1
156531,7,0
27683,8,1
75412,7,0
160025,7,2
249949,9,0
11914,8,0
100653,6,1
244549,7,0
87611,9,0
20873,8,0
50987,6,1
59630,8,8
228749,7,1
317172,8,1
122090,8,0
27776,8,0
124792,7,0
249150,7,0
286027,8,0
30439,7,1
58624,9,0
84768,6,0
49869,8,2
24706,7,13
60849,7,1
96393,7,0
123264,8,0
111792,8,0
223335,7,0
133760,7,0
63335,8,1
98456,3,1
4314,7,15
15393,7,7
176931,7,0
161443,3,0
101286,7,0
94879,0,1
59095,6,3
3264,8,5
252989,6,0
58539,9,4
85222,7,25
172792,9,2
126399,7,0
67484,7,1
101047,8,0
149556,7,0
65047,8,2
169338,8,7
166304,9,1
45808,9,0
156511,6,0
69700,7,0
124249,8,3
129569,8,0
102263,8,0
123756,7,77
174731,8,0
84715,7,1
10102,1,1
17914,7,0
98483,8,1
121007,8,0
56328,6,2
92396,7,2
101079,8,1
74258,7,1
24488,7,0
78333,7,0
173118,7,0
2496,9,1
11132,8,0
64082,8,0
96665,8,7
16775,8,1
34184,6,2
331283,8,0
124735,8,0
130643,6,5
18156,3,0
174241,7,35
159773,3,2
117376,8,1
28344,7,0
315141,7,0
156601,6,1
98777,7,127
10140,7,1
72595,6,2
84073,8,1
74710,6,0
62767,6,2
100359,7,0
48732,6,0
12171,7,2
337882,8,2
189750,9,0
153923,8,13
107919,7,3
98318,9,16
258734,8,0
170022,8,2
169318,9,49
26111,9,4
253647,6,0
91939,7,0
14951,7,0
11839,7,0
240391,6,0
69333,8,0
175713,7,0
79101,5,0
290347,7,0
138798,7,2
153005,8,0
65681,9,0
43183,7,1
255320,8,0
1073,4,0
134905,8,0
119755,8,0
138489,7,0
132754,1,9
201021,7,0
59426,9,7
44673,7,1
39461,5,3
152276,7,8
27513,9,0
32252,7,3
213869,7,0
176803,7,3
169373,9,1
67271,7,0
11814,8,0
325320,6,0
37224,6,35
151659,7,0
72301,7,2
68737,7,12
128979,8,5
222964,4,1
137110,8,0
72175,1,0
79915,8,1
212137,1,0
84381,7,0
60557,6,0
320052,8,0
67739,8,16
232652,8,0
28558,8,1
51513,7,11
36444,8,0
44812,8,0
4312,7,0
41606,7,0
21019,7,0
88998,0,0
166869,7,0
32131,9,2
125011,1,1
106566,7,0
9724,7,0
94250,8,3
140287,8,1
240452,7,0
46580,7,22
45249,8,1
95003,0,0
137678,9,0
34780,7,0
110619,8,2
60795,8,0
49945,9,0
37220,7,1
60447,7,0
151430,7,0
307724,8,0
26710,8,1
54718,7,1
56465,7,0
85774,7,0
38160,8,0
249283,7,0
133478,7,2
50106,7,0
88118,9,2
58375,5,0
30685,7,2
132800,9,0
109795,8,46
75249,7,6
100708,8,0
80705,6,1
127495,7,0
59405,8,0
164225,7,1
242865,8,1
181666,6,0
11844,0,0
108915,7,0
84204,7,0
316939,4,5
203605,0,0
169601,8,0
270565,7,30
149070,7,0
92670,8,3
78246,8,0
78173,7,0
44149,8,0
73990,7,1
104962,6,0
36167,8,1
10068,8,1
169590,8,0
163223,8,1
264015,9,0
208940,8,1
148690,8,1
115333,7,1
96725,8,9
148892,7,0
85996,7,0
233139,7,1
67799,8,8
178921,1,0
53342,5,0
267703,0,0
66859,8,0
53289,7,0
46228,7,0
171161,7,0
14910,7,1
231904,7,0
80259,6,0
24099,1,0
209118,8,2
115532,7,59
199284,8,0
52585,7,0
15670,7,0
153315,7,27
278395,7,1
52433,8,0
165140,8,0
110390,8,1
142551,8,0
119372,3,0
201760,8,0
7157,7,2
149280,7,0
195722,7,14
7733,7,3
146816,8,0
22785,8,9
207,7,3
4975,8,0
151553,7,0
280048,7,0
104458,7,0
53795,9,2
92705,4,0
144461,9,1
98712,8,7
105907,7,2
141752,8,7
63034,9,0
128666,7,0
229842,6,17
19594,7,0
37965,9,0
81902,6,6
8014,7,0
233858,9,1
10375,8,0
27581,7,1
85805,8,0
259598,7,0
79637,7,0
70088,9,0
186969,7,0
31219,7,0
292470,8,1
177575,8,0
215487,2,1
217463,2,1
105846,6,2
146001,6,1
135961,8,3
29045,7,0
231889,7,0
126750,7,0
48853,8,1
109304,7,0
11649,1,0
93988,9,0
35113,8,54
34383,8,1
42351,8,0
97473,8,0
32983,8,2
49328,7,3
137234,8,1
174896,7,0
19256,7,8
56445,8,0
21195,7,2
164310,6,7
177863,7,0
43889,7,0
37214,7,1
60388,7,0
44130,9,0
207586,7,0
5077,7,0
105705,8,0
213665,7,0
54617,0,0
221186,2,3
236620,0,0
41608,7,0
283213,8,0
34782,7,0
156183,7,0
37795,7,0
22742,8,0
225238,2,1
74504,7,0
236524,8,1
245022,7,0
82196,8,0
32572,7,0
2234,8,0
151477,9,1
245456,7,0
5681,6,0
135754,6,3
62361,8,0
133594,4,0
37082,7,0
183537,8,3
59679,4,0
102838,6,0
150883,7,1
88896,7,0
42845,7,3
241059,3,0
121386,7,1
2893,7,0
12314,7,0
62277,8,0
41727,8,0
59068,7,1
220737,7,0
73288,8,3
145799,7,0
216650,2,2
29475,8,77
110812,8,0
85445,9,0
226905,8,3
60758,3,0
107688,8,1
136998,8,0
3635,8,3
12746,8,1
28381,5,0
162556,7,0
1934,8,1
130803,7,0
271048,0,0
115378,7,6
115362,7,0
284048,8,0
130575,8,1
118764,7,0
179576,7,0
49738,7,1
149804,7,0
57761,7,5
306664,7,61
47675,9,0
85284,8,0
40033,6,0
108779,8,2
196658,7,2
209914,7,0
139751,8,5
52183,8,1
69948,6,0
35646,7,0
103129,8,0
110528,6,3
64760,7,1
33812,7,0
43490,7,0
9367,7,1
152767,7,0
164640,5,5
47972,6,1
68204,7,0
316110,8,0
110833,7,0
154367,7,0
32824,7,0
159067,7,0
21414,7,0
139924,7,1
7954,7,1
160082,7,0
141109,6,0
326973,7,0
143949,7,3
22369,7,13
71028,8,0
101476,7,0
132745,6,0
14703,8,1
64902,8,2
60955,8,0
174766,7,1
14260,7,0
6561,7,1
113465,7,0
107433,7,0
40765,7,0
91197,8,1
70590,7,1
248091,1,1
24259,7,0
2503,8,0
5330,1,0
98859,1,0
23546,9,0
295595,7,0
250634,8,4
69949,9,0
160990,8,0
3539,1,0
73814,7,0
14330,8,0
29534,8,1
28859,7,0
74479,7,2
185923,7,0
288628,8,2
184893,6,0
83131,8,0
83286,6,8
184479,8,6
34476,6,0
242106,8,3
81927,6,0
7493,8,0
265180,0,0
44809,7,2
224722,7,2
150444,1,0
77714,9,1
302652,7,3
160472,7,74
152185,7,2
35071,1,1
193197,7,1
3486,6,1
117475,8,0
237330,7,0
30157,6,0
157800,8,2
93036,9,2
172635,8,0
249677,7,9
11985,8,0
7185,3,4
81761,8,1
220909,9,0
268728,1,6
175270,7,0
40035,6,3
48466,6,3
7389,8,1
39265,7,0
124574,7,0
206627,7,15
85490,8,0
83707,8,36
248842,8,1
38184,8,6
290145,7,0
31284,8,0
143805,9,1
135067,7,3
222382,7,1
214790,7,0
119301,8,0
17013,4,0
19161,8,1
193881,7,0
158244,8,1
40881,8,0
169317,9,3
163573,7,0
322021,8,1
88706,7,0
49538,9,1
204600,6,6
274306,6,1
91701,7,0
73643,9,0
82726,6,1
101154,6,0
202550,7,0
163174,7,16
67620,7,0
23544,6,0
9538,8,1
45890,7,0
84655,8,0
154437,7,1
54242,7,2
129431,7,2
34128,1,1
146020,8,0
35525,8,0
82245,7,0
10090,8,0
83825,6,0
146821,7,0
12889,8,0
96646,8,0
66019,7,1
31995,7,2
35149,7,0
100094,8,9
34734,7,0
277033,8,3
217658,5,1
139170,8,0
179331,8,2
176841,7,25
39029,7,0
149567,7,3
306260,9,2
262373,8,15
336692,8,0
56105,5,9
107695,3,0
34137,7,2
4206,7,0
19831,7,1
29175,6,80
92191,8,2
27885,7,0
140519,6,1
245834,7,1
196360,8,3
214004,2,0
170891,7,544
100109,7,1
80893,6,0
93724,8,0
125238,7,15
202625,7,0
95931,7,0
12207,6,0
92605,8,0
15113,8,4
152696,7,248
164238,9,10
88095,8,0
60139,8,0
247244,3,0
35926,1,0
97275,8,0
170185,7,0
93986,1,0
132946,7,1
70695,8,1
143049,4,1
316550,8,0
94598,8,0
166606,9,0
80976,8,1
91887,7,1
108940,7,0
118943,3,0
19985,9,1
71506,6,1
72259,8,0
261276,7,0
289620,7,0
203313,0,0
232590,4,26
319722,7,0
163413,7,0
118352,8,0
77698,8,1
28543,7,1
99671,7,0
77012,8,0
98931,7,0
102013,7,2
295937,8,0
23705,6,0
156003,9,0
198130,7,0
77815,8,0
112906,7,0
233848,8,2
115154,8,2
56469,7,0
170688,7,0
27787,7,6
108853,1,1
134582,8,0
229970,2,0
98505,1,0
74580,7,0
87153,4,54
39183,6,0
87753,1,8
65296,8,18
238857,7,0
331560,7,1
36625,6,1
117239,8,1
82272,8,1
210034,8,0
189943,8,2
217932,3,0
263377,7,0
140319,7,0
131556,7,1
53227,7,2
327046,8,0
309439,8,0
35392,7,0
15122,8,0
163575,6,0
264105,6,6
14881,9,3
328211,8,1
42373,3,0
56758,8,0
22019,8,17
325303,8,2
22103,6,0
36183,8,3
164073,5,2
32460,7,1
204343,7,0
236428,9,0
251574,7,0
135910,8,0
234380,8,0
203953,7,0
46502,4,1
80550,8,1
190034,7,2
220587,8,1
262416,3,1
76398,4,1
225268,7,0
131412,3,0
58510,8,0
168285,7,0
179212,7,0
159462,7,0
26257,7,0
50480,7,0
3074,7,0
147800,6,2
178002,7,0
30481,7,0
238358,6,0
39663,7,3
52111,7,0
229941,7,6
34933,7,0
106720,7,0
7229,8,15
263755,7,0
111319,3,0
36824,7,0
68211,7,1
107299,8,0
55222,8,2
173455,8,0
35226,7,5
44501,7,0
18621,7,31
8476,7,1
58070,8,0
108846,1,1
12759,1,0
8084,8,3
72953,7,0
76993,8,0
224882,7,0
39690,6,1
148619,8,0
153050,7,0
120248,7,0
70427,7,0
77110,6,0
117722,5,3
145281,7,2
180542,7,1
30808,7,1
50569,7,0
78362,6,0
106044,7,116
257561,7,0
154260,7,0
233698,8,0
129093,9,0
53438,7,0
209307,6,10
101406,7,3
146501,6,0
34465,7,13
16255,8,1
57252,7,3
42398,8,0
89464,9,0
148374,7,0
117577,1,0
112747,6,14
229448,2,0
199668,8,2
121331,3,0
169553,3,0
115740,7,0
17799,7,1
266571,8,0
238590,8,15
65675,8,0
111574,6,1
62187,8,1
237364,8,0
132471,8,5
16112,8,0
25504,8,0
99119,7,6
80975,7,59
209513,7,0
313262,7,0
35249,3,0
48131,8,0
84823,9,0
13822,3,0
32884,1,6
172106,8,2
88032,7,0
242140,4,0
48076,7,0
135774,7,0
77493,5,4
193721,6,1
6936,8,0
335915,7,1
34028,9,0
39324,5,0
158274,7,0
137939,7,1
230643,7,1
256689,3,0
152439,8,0
14627,8,7
199581,6,0
147022,7,33
100019,7,0
10607,8,0
30228,1,2
130934,7,0
82839,7,2
204686,2,2
91032,9,0
84181,7,0
100746,8,0
23728,7,1
9111,7,0
52352,7,1
121885,7,0
104844,8,0
69680,5,0
85652,8,0
152994,8,0
66490,8,0
5971,8,0
90439,7,0
155636,8,0
5848,8,0
82990,7,0
68759,8,0
326394,8,2
137171,7,1
668,7,0
1153,8,0
95447,8,103
87318,8,0
99103,6,5
59417,8,0
219538,2,46
309354,8,1
196720,8,3
218227,7,1
30545,7,0
54663,7,0
25870,7,7
5210,7,2
47931,7,1
109690,1,1
120126,8,0
245414,8,0
84233,3,0
169748,8,0
178245,7,0
85184,7,1
21453,7,1
77752,8,0
73420,6,0
320027,8,0
184621,7,0
267517,7,0
18835,8,0
137393,7,2
51960,1,0
189084,8,1
78951,8,0
67498,8,2
23048,6,31
142275,6,0
112785,7,7
225231,8,0
5408,4,1
179012,7,0
49693,9,0
281155,6,0
198941,7,0
3460,7,52
94269,9,1
184308,8,2
64931,8,0
102546,7,0
36875,7,0
126404,9,3
151695,7,0
93533,7,0
192059,9,0
194401,8,1
88061,8,0
104910,7,0
276515,6,0
90100,6,5
9520,4,0
106256,1,0
51551,8,1
16368,8,0
281018,7,0
235448,7,0
102515,7,1
107607,5,1
32469,8,0
95334,1,5
103320,7,0
85194,8,0
66625,7,1
79373,8,2
173374,7,1
85258,8,0
102735,7,0
229577,7,2
46768,1,0
244854,7,0
4593,8,2
5410,8,0
143250,8,0
130081,7,0
16925,9,0
271789,3,0
49891,8,0
199119,8,0
41587,7,0
1668,7,0
53856,7,0
176618,6,0
161600,3,0
101780,6,0
74417,7,2
282590,8,1
225664,6,7
36500,6,3
30704,9,1
32846,7,0
1621,8,16
208923,8,0
67127,6,0
212152,8,0
22292,7,4
2844,7,0
158045,8,1
134577,7,1
39965,7,0
80680,6,8
14726,7,1
31197,8,0
28566,6,0
292630,5,3
169966,7,0
53073,7,0
98889,7,0
21257,8,3
1073,7,0
69963,7,4
263834,8,3
13065,7,0
301535,7,0
121370,7,1
44762,7,0
78670,8,2
261127,7,3
17515,7,5
28419,8,0
4177,7,1
157999,8,3
44828,8,2
102229,8,2
122633,7,0
1559,7,0
232201,3,0
233768,9,0
113784,8,0
70106,6,0
122410,7,0
69408,8,2
227788,7,0
137948,8,1
217090,6,2
335855,4,0
23225,7,0
115388,7,0
166709,7,0
68494,8,8
6647,1,19
104119,8,0
76440,7,1
7450,7,0
29883,7,0
70786,7,1
16161,7,0
212979,8,0
225784,7,10
44338,1,0
100637,8,2
132525,7,0
169388,6,1
173902,7,0
33238,7,0
333990,8,0
79482,7,0
46818,8,1
107806,8,10
60069,8,3
97062,8,1
47513,9,0
13369,7,0
56563,7,0
15439,7,1
61180,7,3
131121,6,0
117023,7,0
16036,8,0
16543,8,2
67559,8,0
26202,4,0
98399,8,3
188079,7,0
39778,8,4
56133,7,0
146700,7,1
80877,8,0
202607,6,0
152638,7,0
76639,8,1
74481,8,4
175091,8,0
62879,4,0
328400,5,5
201541,7,0
23369,8,1
169445,7,0
13131,7,0
159538,7,0
41607,8,0
116967,8,0
1123,6,0
71412,8,0
316032,7,1
144080,3,0
72860,6,0
94502,8,5
147533,8,0
86830,8,5
51145,9,1
298219,6,1
155666,7,0
22108,8,0
90850,1,0
222447,2,1
122896,9,0
112041,6,0
95797,0,0
71689,8,3
77638,7,1
317951,7,0
63916,9,11
228837,7,15
95231,8,0
282160,7,0
24098,7,0
84348,7,0
74078,7,2
219712,1,4
262193,8,1
132035,8,1
236299,8,0
90577,9,1
13548,8,7
34275,8,1
105527,7,0
172291,7,0
55889,8,87
98796,7,0
144069,7,44
4167,7,0
64956,7,0
60803,7,1
83725,7,0
84682,5,3
48016,8,6
165184,7,0
188534,6,15
157857,7,0
235731,7,1
118608,8,0
327280,8,83
288600,7,0
21655,6,1
14557,7,2
49220,8,1
124901,7,0
43739,8,2
232375,7,4
118469,7,0
84764,7,1
189050,7,0
93184,8,1
154871,7,0
152653,7,2
26184,7,0
209737,2,1
14724,7,1
28242,8,7
13584,4,0
84795,8,0
93492,9,1
238538,9,0
11755,8,1
46093,7,0
120696,3,0
80853,8,1
47667,8,1
152470,7,2
85139,8,0
556,7,0
206494,7,2
97899,7,106
7420,7,0
201658,8,0
130057,5,0
22438,9,13
84555,8,2
15171,7,0
4582,7,2
129963,7,0
262462,7,0
318099,7,0
136960,7,1
166076,8,5
100416,6,0
216613,6,2
43586,7,0
109211,7,4
12353,8,137
89328,2,0
104310,8,0
26213,1,1
139422,7,0
328640,8,7
33648,7,1
115976,6,93
167746,8,1
144682,6,0
182522,7,0
12129,8,0
51038,8,0
119688,9,0
66221,7,0
134138,7,0
26664,4,0
37074,5,3
26017,6,2
168864,7,0
133374,7,0
93046,7,0
260653,9,3
25122,7,0
247062,8,0
17287,6,0
38922,7,0
101866,5,1
224528,7,0
149217,8,0
5508,7,17
113625,8,0
103583,8,6
50517,6,0
140049,8,0
326093,6,0
72524,8,1
54507,7,0
6987,8,523
284841,8,5
76353,7,0
34641,7,3
43360,9,2
34102,8,2
302171,7,4
93319,7,0
338547,7,2
29388,5,1
3730,8,0
73433,9,0
16943,0,0
26819,9,1
73885,7,2
110662,4,1
43068,6,0
3309,8,2
173731,6,2
292904,7,1
35261,6,1
61356,9,0
86060,9,7
44888,8,3
11530,9,1
4480,7,0
15976,8,31
41324,8,0
218480,7,5
59250,8,1
65149,8,0
84167,9,2
81346,7,0
71682,1,0
88833,6,1
141129,1,1
50025,1,0
276911,6,1
282887,7,0
329072,8,0
149171,8,0
21473,7,0
63990,4,3
138893,8,1
106840,8,0
87430,3,1
32045,7,2
40688,8,0
2829,7,0
152833,8,0
5978,6,4
105208,7,0
132561,8,0
217595,7,0
154797,7,0
302,8,1
155478,9,1
80490,4,1
271813,6,1
31098,7,1
13241,7,1
261667,8,0
281150,3,0
159768,8,0
36125,7,0
95597,7,0
179941,7,0
88711,6,0
37631,8,2
55450,3,0
151715,1,468
106658,7,0
66602,8,5
215069,6,0
63544,9,1
43297,8,0
51341,7,0
12668,7,2
197154,7,2
14396,6,0
69863,7,0
63042,7,0
67675,7,5
229601,8,1
108529,8,0
179591,7,0
154715,3,0
112130,8,0
95076,6,0
2804,8,0
82950,7,5
18417,1,0
170613,6,3
125445,9,0
66779,5,0
71523,7,0
147279,8,1
111586,8,0
101102,7,0
